TG TG POW   																		  STR  DEF  MOV  ACT
1  1  200   0    0  90   0  0   0  11  0  0  0  0    0   0  0   0    0  0  0  0   0   0    0    0    0    100 0   0  
1  1  400   0    0  120  0  0   0  11  0  0  0  0    0   0  0   0    0  0  0  0   0   0    0    0    0    100 0   0  
1  1  800   0    0  120  0  0   0  12  0  0  0  0    0   0  0   0    0  0  0  0   0   0    0    0    0    100 0   0  
1  1  1200  0    0  150  0  30  0  12  0  0  0  0    0   0  0   0    0  0  0  0   0   0    0    0    0    100 0   0  
1  1  1600  0    0  150  0  30  0  13  0  0  0  0    0   0  0   0    0  0  0  0   0   0    0    0    0    100 0   0  
1  1  9999  0    0  180  0  30  0  13  0  0  0  0    0   0  0   0    0  0  0  0   0   0    0    0    0    100 0   0  
1  3  250   0    0  120  0  0   0  50  0  0  0  0    0   0  0   0    0  0  0  0   0   0    0    0    0    100 0   0  
1  3  500   0    0  150  0  30  0  50  0  0  0  0    0   0  0   0    0  0  0  0   0   0    0    0    0    100 0   0  
1  3  1000  0    0  150  0  30  0  14  0  0  0  0    0   0  0   0    0  0  0  0   0   0    0    0    0    100 0   0  
1  3  1500  0    0  180  0  30  0  46  0  0  0  0    0   0  0   0    0  0  0  0   0   0    0    0    0    100 0   0  
8  1  0     0    0  90   0  0   0  33  0  0  0  0    0   0  0   0    0  0  0  1   100 0    0    0    0    100 0   0  
8  1  0     0    0  90   0  0   0  33  0  0  0  0    0   0  0   0    0  0  0  4   100 0    0    0    0    100 0   0  
8  1  0     0    0  120  0  0   0  33  0  0  0  0    0   0  0   0    0  0  0  5   100 0    0    0    0    100 0   0  
8  1  0     0    0  90   0  0   0  49  0  0  0  0    0   0  0   0    0  0  0  2   100 0    0    0    0    100 0   0  
8  2  0     88   2  120  0  0   0  49  0  0  0  0    0   0  0   0    0  0  0  2   100 0    0    0    0    100 0   0  
8  1  0     0    0  90   0  0   0  49  0  0  0  0    0   0  0   0    0  0  0  8   100 0    0    0    0    100 0   0  
8  1  0     0    0  90   0  0   0  34  0  0  0  0    0   0  0   0    0  0  0  64  100 0    0    0    0    100 0   0  
8  1  0     0    0  90   0  0   0  34  0  0  0  0    0   0  0   0    0  0  0  32  100 0    0    0    0    100 0   0  
8  1  0     0    0  120  0  0   0  34  0  0  0  0    0   0  0   0    0  0  0  96  100 0    0    0    0    100 0   0  
8  1  0     0    0  120  0  0   0  35  0  0  0  0    0   0  0   0    0  0  0  16  100 0    0    0    0    100 0   0  
8  1  0     0    0  150  0  30  0  35  0  0  0  0    0   0  0   0    0  0  0  127 100 0    0    0    0    100 0   0  
8  1  0     0    0  180  0  30  0  15  0  0  0  0    0   0  0   0    0  0  0  128 100 0    0    0    0    100 0   0  
8  1  0     0    0  240  0  60  0  15  0  0  0  0    0   0  0   0    0  0  0  128 100 5    5    5    5    100 0   0  
8  1  9999  0    0  240  0  60  0  15  0  0  0  0    0   0  0   0    0  0  0  128 100 0    0    0    0    100 21  0  
2  1  25    0    0  120  0  0   0  51  0  0  0  0    0   0  0   0    0  0  0  0   0   0    0    0    0    100 0   0  
2  1  50    0    0  150  0  30  0  51  0  0  0  0    0   0  0   0    0  0  0  0   0   0    0    0    0    100 0   0  
2  1  100   0    0  150  0  30  0  52  0  0  0  0    0   0  0   0    0  0  0  0   0   0    0    0    0    100 0   0  
2  1  999   0    0  180  0  30  0  52  0  0  0  0    0   0  0   0    0  0  0  0   0   0    0    0    0    100 0   0  
3  3  9999  0    0  240  0  60  0  54  0  0  0  0    0   0  0   0    0  0  0  0   0   0    0    0    0    100 0   0  
3  1  25    0    0  120  0  0   0  53  0  0  0  0    0   0  0   0    0  0  0  0   0   0    0    0    0    100 0   0  
3  1  50    0    0  150  0  30  0  53  0  0  0  0    0   0  0   0    0  0  0  0   0   0    0    0    0    100 0   0  
3  1  100   0    0  150  0  30  0  54  0  0  0  0    0   0  0   0    0  0  0  0   0   0    0    0    0    100 0   0  
3  1  999   0    0  180  0  30  0  54  0  0  0  0    0   0  0   0    0  0  0  0   0   0    0    0    0    100 0   0  
1  1  300   0    0  120  0  0   0  11  0  0  0  0    0   0  0   0    0  0  0  0   0   0    2    0    0    100 0   0  
1  1  600   0    0  150  0  30  0  12  0  0  0  0    0   0  0   0    0  0  0  5   100 0    0    0    0    100 0   0  
1  1  72    0    0  90   0  0   0  11  0  0  0  0    0   0  0   0    0  0  0  0   0   0    0    0    0    100 0   0  
2  1  5     0    0  120  0  0   0  51  0  0  0  0    0   0  0   0    0  0  0  0   0   0    0    0    0    0   0   0  
1  2  1000  88   2  180  0  30  0  50  0  0  0  0    0   0  0   0    0  0  0  16  100 0    0    0    0    100 0   0  
2  1  25    0    0  150  0  30  0  51  0  0  0  0    0   0  0   0    0  0  0  0   0   0    0    0    0    30  0   0  
3  1  25    0    0  150  0  30  0  53  0  0  0  0    0   0  0   0    0  0  0  0   0   0    0    0    0    30  0   0  
1  2  200   88   2  150  0  30  0  50  0  0  0  0    0   0  0   0    0  0  0  0   0   0    0    0    0    25  0   0  
5  5  500   88   2  150  0  30  0  56  0  0  0  196  9   0  0   50   0  0  0  0   0   0    0    0    0    100 0   0  
5  5  1000  88   2  240  0  60  0  56  0  0  0  136  19  0  0   50   0  0  0  0   0   0    0    0    0    100 0   0  
5  6  2000  0    0  104  1  120 0  56  0  0  0  15   39  15 39  100  0  0  0  0   0   0    0    0    0    100 0   0  
5  4  400   0    0  120  0  0   0  56  0  0  0  226  4   0  0   50   0  0  10 0   0   0    0    0    0    100 0   0  
5  4  650   0    0  150  0  30  0  55  0  2  0  232  3   0  0   50   0  0  10 0   0   0    0    0    0    100 0   0  
5  5  300   88   2  150  0  30  0  56  0  0  0  232  3   0  0   50   0  0  0  0   0   0    0    0    0    100 0   0  
5  5  700   88   2  150  0  30  0  55  0  7  0  0    0   0  0   50   0  0  0  0   0   0    0    0    0    100 0   0  
5  5  600   88   2  180  0  30  0  56  0  0  1  226  4   0  0   0    0  0  0  0   0   0    0    0    255  100 0   0  
5  5  1000  88   2  210  0  60  0  56  0  0  0  220  5   0  0   50   0  0  0  0   0   0    0    0    0    100 0   0  
5  6  1500  0    0  240  0  60  0  56  0  0  1  232  3   0  0   50   0  0  0  0   0   0    0    0    0    100 0   0  
6  4  400   0    0  120  0  0   0  1   0  0  0  0    0   0  0   50   0  0  10 0   0   0    0    0    0    100 0   0  
6  5  300   88   2  150  0  30  0  5   0  0  0  0    0   0  0   0    0  1  10 0   0   0    0    0    0    100 0   0  
6  5  650   88   2  180  0  30  0  2   0  0  0  0    0   0  0   50   0  0  10 0   0   0    0    0    0    100 0   0  
6  7  700   44   1  180  0  30  0  6   0  0  1  244  1   0  0   200  0  1  10 0   0   0    0    0    0    100 0   0  
6  5  650   88   2  180  0  30  0  16  0  0  0  232  3   0  0   50   0  2  10 0   0   0    0    0    0    100 0   0  
6  5  750   88   2  210  0  60  0  25  0  0  0  244  1   0  0   50   0  3  10 4   30  0    0    0    0    100 0   0  
6  4  1200  0    0  210  0  60  0  36  0  0  1  208  7   0  0   50   0  4  10 0   0   0    0    0    0    100 0   0  
6  6  1500  0    0  44   1  90  0  26  0  6  1  238  2   0  0   80   0  3  10 0   0   0    0    0    0    100 0   0  
6  4  2500  0    0  104  1  120 0  23  0  0  1  220  5   0  0   120  0  0  0  0   0   0    0    0    0    100 0   0  
5  4  250   0    0  120  0  0   0  55  0  0  0  0    0   0  0   50   0  0  0  1   80  0    0    0    0    100 0   0  
5  4  900   0    0  180  0  30  0  55  0  0  0  0    0   0  0   50   0  0  0  1   80  0    0    0    0    100 0   0  
5  5  300   88   2  150  0  30  0  56  0  0  0  0    0   0  0   50   0  0  10 0   0   0    0    0    0    100 0   0  
6  4  1200  0    0  210  0  60  0  3   0  0  1  0    0   0  0   100  0  0  10 0   0   0    0    0    0    100 0   0  
5  4  500   0    0  150  0  30  0  55  0  0  0  226  4   0  0   100  0  0  0  0   0   0    255  0    0    100 0   0  
5  5  1200  88   2  180  0  30  0  55  0  0  0  232  3   0  0   0    0  0  0  0   0   0    0    255  0    100 0   0  
4  1  0     0    0  90   0  0   0  24  0  0  0  0    0   0  0   0    0  0  0  0   0   2    0    0    0    100 0   0  
4  3  0     0    0  90   0  0   0  18  0  0  0  0    0   0  0   0    0  0  0  0   0   0    1    0    0    100 0   0  
4  1  0     0    0  90   0  0   0  31  0  0  0  0    0   0  0   0    0  0  0  0   0   0    0    2    0    100 0   0  
4  3  0     0    0  90   0  0   0  8   0  0  0  0    0   0  0   0    0  0  0  0   0   0    0    0    1    100 0   0  
4  2  0     244  1  120  0  0   0  47  0  0  0  0    0   0  0   0    0  0  0  0   0   1    0    0    0    100 0   0  
4  2  0     244  1  120  0  0   0  47  0  0  0  0    0   0  0   0    0  0  0  0   0   0    1    0    0    100 0   0  
4  2  0     244  1  120  0  0   0  47  0  0  0  0    0   0  0   0    0  0  0  0   0   0    0    1    0    100 0   0  
4  2  0     244  1  120  0  0   0  47  0  0  0  0    0   0  0   0    0  0  0  0   0   0    0    0    1    100 0   0  
4  2  0     244  1  90   0  0   0  47  0  0  0  0    0   0  0   0    0  0  0  0   0   2    0    0    0    100 0   0  
4  2  0     244  1  90   0  0   0  47  0  0  0  0    0   0  0   0    0  0  0  0   0   0    2    0    0    100 0   0  
4  2  0     244  1  90   0  0   0  47  0  0  0  0    0   0  0   0    0  0  0  0   0   0    0    2    0    100 0   0  
4  2  0     244  1  90   0  0   0  47  0  0  0  0    0   0  0   0    0  0  0  0   0   0    0    0    2    100 0   0  
4  1  0     0    0  150  0  30  0  47  0  0  0  0    0   0  0   0    0  0  0  0   0   5    0    0    0    100 0   0  
4  1  0     0    0  150  0  30  0  47  0  0  0  0    0   0  0   0    0  0  0  0   0   0    0    5    0    100 0   0  
7  5  0     244  1  120  0  0   0  48  0  0  0  0    0   0  0   0    0  0  0  0   0   255  0    0    0    100 0   0  
7  5  0     244  1  120  0  0   0  48  0  0  0  0    0   0  0   0    0  0  0  0   0   0    255  0    0    100 0   0  
7  5  0     244  1  120  0  0   0  48  0  0  0  0    0   0  0   0    0  0  0  0   0   0    0    255  0    100 0   0  
7  5  0     244  1  120  0  0   0  48  0  0  0  0    0   0  0   0    0  0  0  0   0   0    0    0    255  100 0   0  
7  4  0     0    0  150  0  30  0  48  0  0  0  0    0   0  0   0    0  0  0  0   0   255  255  255  255  100 0   0  
7  4  0     0    0  90   0  0   0  55  0  0  0  0    0   0  0   0    0  0  0  8   90  0    0    0    0    100 0   0  
7  5  0     32   3  150  0  30  0  49  0  0  0  0    0   0  0   0    0  0  0  2   70  0    0    0    0    40  0   0  
7  5  0     88   2  150  0  30  0  49  0  0  0  0    0   0  0   0    0  0  0  32  70  0    0    0    0    40  0   0  
7  5  0     88   2  150  0  30  0  49  0  0  0  0    0   0  0   0    0  0  0  8   70  0    0    0    0    40  0   0  
7  5  0     32   3  150  0  30  0  48  0  0  0  0    0   0  0   0    0  0  0  0   0   0    254  0    0    40  0   0  
15 12 0     88   2  120  0  0   0  58  0  0  0  0    0   0  0   32   3  0  0  0   0   0    0    0    0    100 0   0  
8  1  7500  0    0  120  0  0   0  41  0  0  0  0    0   0  0   0    0  0  0  0   0   0    0    0    0    100 21  0  
8  2  7500  88   2  150  0  30  0  41  0  0  0  0    0   0  0   0    0  0  0  0   0   0    0    0    0    100 21  0  
8  3  7500  0    0  180  0  30  0  41  0  0  0  0    0   0  0   0    0  0  0  0   0   0    0    0    0    100 21  0  
6  4  400   0    0  180  0  30  0  1   0  0  1  0    0   0  0   50   0  0  10 0   0   0    0    0    0    0   0   0  
7  6  0     0    0  150  0  30  0  39  0  0  0  0    0   0  0   0    0  0  0  0   0   0    0    0    255  0   0   0  
6  4  400   0    0  180  0  30  0  1   0  0  0  0    0   0  0   0    0  0  10 0   0   0    0    0    0    0   0   0  
8  1  0     0    0  180  0  30  0  49  0  0  0  0    0   0  0   0    0  0  0  8   100 0    0    0    0    0   0   0  
8  1  0     0    0  210  0  60  0  33  0  0  0  0    0   0  0   0    0  0  0  5   100 0    0    0    0    0   0   0  
6  5  650   88   2  240  0  60  0  2   0  0  1  0    0   0  0   50   0  0  10 0   0   0    0    0    0    0   0   0  
6  7  700   250  0  240  0  60  0  6   0  0  1  232  3   0  0   200  0  1  10 0   0   0    0    0    0    0   0   0  
6  5  650   88   2  240  0  60  0  16  0  0  1  208  7   0  0   50   0  2  10 0   0   0    0    0    0    0   0   0  
8  1  0     0    0  210  0  30  0  34  0  0  0  0    0   0  0   0    0  0  0  96  100 0    0    0    0    0   0   0  
8  1  0     0    0  240  0  60  0  35  0  0  0  0    0   0  0   0    0  0  0  127 100 0    0    0    0    0   0   0  
6  7  2200  44   1  164  1  150 0  28  0  0  1  220  5   0  0   120  0  3  10 4   15  0    0    0    0    0   0   0  
4  3  0     0    0  180  0  30  0  18  0  0  0  0    0   0  0   0    0  0  0  0   0   0    1    0    0    0   0   0  
4  1  0     0    0  180  0  30  0  24  0  0  0  0    0   0  0   0    0  0  0  0   0   2    0    0    0    0   0   0  
6  4  1200  0    0  44   1  90  0  3   0  0  1  0    0   0  0   100  0  0  10 0   0   0    0    0    0    0   0   0  
6  4  1200  0    0  44   1  90  0  36  0  0  1  160  15  0  0   50   0  4  10 0   0   0    0    0    0    0   0   0  
1  1  300   0    0  210  0  60  0  11  0  0  0  0    0   0  0   0    0  0  0  0   0   0    0    0    0    0   0   0  
8  1  5000  0    0  150  0  30  0  41  0  0  0  0    0   0  0   0    0  0  0  0   0   0    0    0    0    0   21  0  
8  1  0     0    0  210  0  60  0  34  0  0  0  0    0   0  0   0    0  0  0  96  100 0    0    0    0    0   0   0  
15 1  100   0    0  0    0  0   0  0   0  0  0  0    0   0  0   0    0  0  0  0   0   0    0    0    0    0   72  0  
15 1  50    0    0  0    0  0   0  0   0  0  0  0    0   0  0   0    0  0  0  0   0   0    0    0    0    0   73  0  
15 15 0     0    0  0    0  0   0  0   0  0  0  0    0   0  0   0    0  0  0  0   0   0    0    0    0    100 74  0  
15 1  10    0    0  0    0  0   0  0   0  0  0  0    0   0  0   0    0  0  0  0   0   0    0    0    0    100 63  0  
15 1  10    0    0  0    0  0   0  0   0  0  0  0    0   0  0   0    0  0  0  0   0   0    0    0    0    100 64  0  
15 1  10    0    0  0    0  0   0  0   0  0  0  0    0   0  0   0    0  0  0  0   0   0    0    0    0    100 65  0  
15 1  3     0    0  0    0  0   0  0   0  0  0  0    0   0  0   0    0  0  0  0   0   0    0    0    0    100 66  0  
15 1  3     0    0  0    0  0   0  0   0  0  0  0    0   0  0   0    0  0  0  0   0   0    0    0    0    100 67  0  
15 1  3     0    0  0    0  0   0  0   0  0  0  0    0   0  0   0    0  0  0  0   0   0    0    0    0    100 68  0  
15 1  3     0    0  0    0  0   0  0   0  0  0  0    0   0  0   0    0  0  0  0   0   0    0    0    0    100 69  0  
15 1  3     0    0  0    0  0   0  0   0  0  0  0    0   0  0   0    0  0  0  0   0   0    0    0    0    100 70  0  
15 1  3     0    0  0    0  0   0  0   0  0  0  0    0   0  0   0    0  0  0  0   0   0    0    0    0    100 71  0  
15 1  10    0    0  0    0  0   0  0   0  0  0  0    0   0  0   0    0  0  0  0   0   0    0    0    0    100 72  0  
15 1  3     0    0  0    0  0   0  0   0  0  0  0    0   0  0   0    0  0  0  0   0   0    0    0    0    100 73  0  
15 15 1000  0    0  0    0  0   0  0   0  0  0  0    0   0  0   0    0  0  0  0   0   0    0    0    0    100 61  0  
15 15 1000  0    0  0    0  0   0  0   0  0  0  0    0   0  0   0    0  0  0  0   0   0    0    0    0    100 62  0  

TG	-	Sets target for move
                  1	-	Ally Heal
                  4	-	Ally Buff
                  5	-	Enemy Damage
                  6	-	Enemy Damage
                  7	-	Enemy Nerf
                  8	-	Status Removal
                 15	-	Position Movement
TG	-	Sets target for move
                  1	-	Single Ally
                  2	-	Area Allies
                  3	-	All Allies
                  4	-	Single Enemy
                  5	-	Area Enemies
                  6	-	All Enemies
                  7	-	Line Enemies
                  8	-	Ally Buff(?)
                 10	-	Area around Character
                 13	-	Area around Character
^Data may be right, not sure
