(Lvl 1 Stats)
Ryudo

EXP         HP    MP    SP    STR   VIT   MAG   MEN   ACT   MOVE  SLOT      
00 00 00 00 2c 01 2d 00 3C 00 55 00 4b 00 4b 00 41 00 3c 00 3c 00 01 00 


EXP         HP    MP    SP    STR   VIT   MAG   MEN   ACT   MOVE  SLOT
0c 00 00 00 0f 00 01 00 02 00 02 00 02 00 01 00 00 00 01 00 01 00 00 00
1e 00 00 00 0f 00 01 00 02 00 02 00 02 00 00 00 01 00 01 00 02 00 00 00 
38 00 00 00 10 00 01 00 01 00 02 00 02 00 01 00 01 00 02 00 01 00 00 00
5c 00 00 00 11 00 02 00 02 00 02 00 01 00 01 00 00 00 01 00 02 00 00 00 
8c 00 00 00 11 00 01 00 02 00 02 00 02 00 01 00 01 00 02 00 01 00 00 00 
ca 00 00 00 12 00 01 00 02 00 02 00 02 00 00 00 01 00 01 00 02 00 00 00 
19 01 00 00 12 00 01 00 02 00 02 00 01 00 01 00 01 00 02 00 01 00 00 00 
7b 01 00 00 12 00 02 00 02 00 02 00 02 00 00 00 01 00 02 00 02 00 00 00 
f0 01 00 00 14 00 01 00 03 00 02 00 02 00 01 00 00 00 01 00 02 00 01 00 
7a 02 00 00 16 00 02 00


EXP - Experience for level
SLOT - Skillbook slots