

165060 sys


		MP    TARGT? +STR  PWR    RANGE ASPD         RECOV  SP           IP DAM             ELEM   ST %C AT DF  AC MV SP     LVL1  LVL2   LVL3  LVL4   LVL5  MTP
BURN		06 00 06 04  28 00 FA 00  00 00 B4 00  1E 00 E0 2E  01 00 00 00  00 00 00 00  50 00 00 0A  00 00 00 00  00 00 00 00  78 00 3C 00  5A 00 96 00  F0 00 19 00  41 74 74 61
BURNFLAME	10 00 06 05  46 00 FA 00  58 02 F0 00  28 00 E0 2E  02 00 00 00  00 00 00 00  32 00 00 0A  00 00 00 00  00 00 00 00  A0 00 50 00  78 00 C8 00  40 01 19 00
BURNSTRIKE	14 00 06 04  F0 00 FA 00  00 00 0E 01  14 00 C8 32  03 00 00 01  00 00 00 00  78 00 00 0A  00 00 00 00  00 00 00 00  F0 00 78 00  B4 00 2C 01  E0 01 19 00
HELLBURNER	2A 00 06 06  40 01 FA 00  00 00 68 01  3C 00 C8 32  04 00 00 01  00 00 00 00  64 00 00 0A  00 00 00 00  00 00 00 00  40 01 A0 00  F0 00 90 01  80 02 19 00
HOWL		09 00 06 05  00 00 E1 00  58 02 B4 00  1E 00 E0 2E  05 00 00 00  E8 03 00 00  64 00 01 0A  00 00 00 00  00 00 00 00  78 00 3C 00  5A 00 96 00  F0 00 19 00
HOWLSLASH	0E 00 06 07  64 00 E1 00  2C 01 F0 00  28 00 E0 2E  06 00 00 01  DC 05 00 00  C8 00 01 0A  00 00 00 00  00 00 00 00  A0 00 50 00  78 00 C8 00  40 01 19 00
HOWLNADO	2D 00 06 06  40 01 E1 00  00 00 68 01  3C 00 C8 32  07 00 00 01  E8 03 00 00  00 00 01 0A  08 1E 00 00  00 00 0B 00  40 01 A0 00  F0 00 90 01  82 02 19 00
RUNNER		03 00 04 03  00 00 00 00  00 00 78 00  14 00 F8 2A  08 00 00 00  00 00 00 00  00 00 00 00  00 00 00 00  00 01 00 00  3C 00 1E 00  2D 00 4B 00  78 00 00 00 
SHHH!		0A 00 07 05  00 00 00 00  90 01 96 00  19 00 F8 2A  09 00 00 00  00 00 00 00  00 00 00 00  20 46 00 00  00 00 00 00  3C 00 1E 00  2D 00 4B 00  78 00 00 00
SNOOZE		05 00 07 06  00 00 00 00  00 00 A5 00  0F 00 F8 2A  0A 00 00 00  00 00 00 00  00 00 00 00  02 46 00 00  00 00 00 00  3C 00 1E 00  2D 00 4B 00  78 00 00 00
HEAL		06 00 01 01  00 00 90 01  00 00 A5 00  0F 00 F8 2A  0B 00 00 00  00 00 00 00  00 00 00 00  00 00 00 00  00 00 00 00  78 00 3C 00  5A 00 96 00  F0 00 32 00
HEALER		0C 00 01 01  00 00 20 03  00 00 B4 00  1E 00 F8 2A  0C 00 00 00  00 00 00 00  00 00 00 00  00 00 00 00  00 00 00 00  A0 00 50 00  78 00 C8 00  40 01 32 00
HEALER+		18 00 01 01  00 00 B0 04  00 00 0E 01  14 00 E0 2E  0D 00 00 00  00 00 00 00  00 00 00 00  00 00 00 00  00 00 00 00  F0 00 78 00  B4 00 2C 01  E0 01 32 00
ALHEALER	12 00 01 03  00 00 BC 02  00 00 F0 00  28 00 C8 32  0E 00 00 00  00 00 00 00  00 00 00 00  00 00 00 00  00 00 00 00  C8 00 64 00  96 00 FA 00  90 01 32 00
RESSURRECT	28 00 08 01  00 00 00 00  00 00 0E 01  14 00 E0 2E  0F 00 00 00  00 00 00 00  00 00 00 00  80 64 00 00  00 00 00 00  F0 00 78 00  B4 00 2C 01  E0 01 00 00
TREMOR		0F 00 06 05  A0 00 96 00  58 02 F0 00  28 00 E0 2E  10 00 00 00  D0 07 00 00  32 00 02 0A  00 00 00 00  00 00 00 00  A0 00 50 00  78 00 C8 00  40 01 19 00
QUAKE		28 00 06 06  08 02 96 00  00 00 68 01  3C 00 C8 32  11 00 00 00  D0 07 00 00  50 00 02 0A  00 00 00 00  00 00 00 00  40 01 A0 00  F0 00 90 01  80 02 19 00
DIGGIN		04 00 04 03  00 00 00 00  00 00 78 00  14 00 F8 2A  12 00 00 00  00 00 00 00  00 00 00 00  00 00 00 01  00 00 00 00  3C 00 1E 00  2D 00 4B 00  78 00 00 00
DEF-LOSS	05 00 07 06  00 00 00 00  00 00 78 00  14 00 F8 2A  13 00 00 00  00 00 00 00  00 00 00 00  00 00 00 FF  00 00 00 00  3C 00 1E 00  2D 00 4B 00  78 00 00 00
GRAVITY		08 00 0F 05  00 00 00 00  20 03 96 00  19 00 F8 2A  14 00 00 00  00 00 00 00  00 00 00 00  00 00 00 00  00 00 0C 00  50 00 28 00  3C 00 64 00  A0 00 00 00
BOOM!		16 00 06 05  A0 00 C8 00  58 02 2C 01  32 00 C8 32  15 00 00 01  D0 07 00 00  78 00 00 00  00 00 00 00  00 00 00 00  F0 00 78 00  B4 00 2C 01  E0 01 19 00
BA-BOOM!	4B 00 06 06  44 02 C8 00  00 00 E0 01  50 00 B0 36  16 00 00 01  D0 07 00 00  96 00 00 00  00 00 00 00  00 00 00 00  90 01 C8 00  2C 01 F4 01  20 03 19 00
METEOR STRIKE	32 00 06 04  D0 02 C8 00  00 00 E0 01  37 00 B0 36  17 00 00 01  B8 0B 00 00  78 00 00 00  00 00 00 00  00 00 00 00  90 01 C8 00  2C 01 F4 01  20 03 19 00
WOW!		05 00 04 01  00 00 00 00  00 00 78 00  14 00 F8 2A  18 00 00 00  00 00 00 00  00 00 00 00  00 00 02 00  00 00 00 00  50 00 28 00  3C 00 64 00  A0 00 00 00
ZAP!		18 00 06 05  50 00 2C 01  58 02 2C 01  32 00 C8 32  19 00 00 00  E8 03 00 00  32 00 03 0A  04 0F 00 00  00 00 00 00  F0 00 78 00  B4 00 2C 01  E0 01 19 00
ZAP ALL		24 00 06 06  96 00 2C 01  00 00 68 01  3C 00 C8 32  1A 00 00 01  E8 03 00 00  50 00 03 0A  04 0F 00 00  00 00 00 00  40 01 A0 00  F0 00 90 01  80 02 19 00
GADZAP		37 00 06 04  E0 01 2C 01  00 00 E0 01  37 00 B0 36  1B 00 00 01  DC 05 00 00  50 00 03 0A  04 1E 00 00  00 00 00 00  90 01 C8 00  2C 01 F4 01  20 03 19 00
DRAGONZAP	3A 00 06 07  A4 01 2C 01  2C 01 E0 01  50 00 B0 36  1C 00 00 01  DC 05 00 00  78 00 03 0A  04 0F 00 00  00 00 00 00  90 01 C8 00  2C 01 F4 01  20 03 19 00
STRAM		06 00 07 04  00 00 00 00  00 00 78 00  14 00 F8 2A  1D 00 00 00  00 00 00 00  00 00 00 00  00 00 FE 00  00 00 00 00  50 00 28 00  3C 00 64 00  A0 00 00 00
POIZN		0F 00 06 05  19 00 B4 00  58 02 F0 00  28 00 E0 2E  1E 00 00 00  00 00 00 00  00 00 00 00  01 3C 00 00  00 00 00 00  A0 00 50 00  78 00 C8 00  40 01 19 00
SPEEDY		07 00 04 01  00 00 00 00  00 00 96 00  19 00 F8 2A  1F 00 00 00  00 00 00 00  00 00 00 00  00 00 00 00  02 00 00 00  50 00 28 00  3C 00 64 00  A0 00 00 00
CRAZE		0A 00 07 05  00 00 00 00  58 02 A5 00  0F 00 F8 2A  20 00 00 00  00 00 00 00  00 00 00 00  08 46 00 00  00 00 00 00  3C 00 1E 00  2D 00 4B 00  78 00 00 00
CURE		04 00 08 01  00 00 00 00  00 00 A5 00  0F 00 F8 2A  21 00 00 00  00 00 00 00  00 00 00 00  05 64 00 00  00 00 00 00  3C 00 1E 00  2D 00 4B 00  78 00 00 00
REFRESH		0C 00 08 01  00 00 00 00  00 00 B4 00  1E 00 F8 2A  22 00 00 00  00 00 00 00  00 00 00 00  60 64 00 00  00 00 00 00  50 00 28 00  3C 00 64 00  A0 00 00 00
HALVAH		18 00 08 01  00 00 00 00  00 00 0E 01  14 00 E0 2E  23 00 00 00  00 00 00 00  00 00 00 00  7F 64 00 00  00 00 00 00  C8 00 64 00  96 00 FA 00  90 01 00 00
CRACKLE		10 00 06 04  DC 00 13 01  00 00 0E 01  14 00 C8 32  24 00 00 01  A0 0F 00 00  32 00 04 0A  00 00 00 00  00 00 00 00  F0 00 78 00  B4 00 2C 01  E0 01 19 00
CRACKLING	34 00 06 06  A4 01 13 01  00 00 E0 01  50 00 B0 36  25 00 00 01  C4 09 00 00  64 00 04 0A  00 00 00 00  00 00 00 00  90 01 C8 00  2C 01 F4 01  20 03 19 00
COLD		07 00 07 04  00 00 00 00  00 00 96 00  19 00 F8 2A  26 00 00 00  00 00 00 00  00 00 00 00  00 00 00 00  FE 00 00 00  50 00 28 00  3C 00 64 00  A0 00 00 00
FREEZE!		05 00 07 06  00 00 00 00  00 00 78 00  14 00 F8 2A  27 00 00 00  00 00 00 00  00 00 00 00  00 00 00 00  00 FF 00 00  3C 00 1E 00  2D 00 4B 00  78 00 00 00
FIORA		0C 00 07 05  00 00 00 00  90 01 96 00  19 00 F8 2A  28 00 00 00  00 00 00 00  00 00 00 00  40 46 00 00  00 00 00 00  50 00 28 00  3C 00 64 00  A0 00 00 00

1669C0 Tensei

28 26 01

81a0 xls_data in window folder

		MP    TARGT? +STR  PWR    RANGE ASPD         RECOV  SP           IP DAM             ELEM   ST %C AT DF  AC MV SP     LVL1  LVL2   LVL3  LVL4   LVL5  MTP
TENSEIKEN SLASH	18 00 05 04  32 00 C8 00  00 00 F0 00  00 00 E0 2E  3D 00 00 01  C4 09 88 13  64 00 00 00  00 00 00 00  00 00 00 00  F4 01 FA 00  F4 01 E8 03  D0 07 32 00
FLYING TENSEI	28 00 05 04  C8 00 C8 00  00 00 86 01  1E 00 B0 36  3E 00 00 01  A0 0F 00 00  00 00 00 00  00 00 00 00  00 00 00 00  20 03 90 01  20 03 40 06  80 0C 4B 00
PURPL LIGHTNING	20 00 05 04  4B 00 C8 00  00 00 2C 01  1E 00 C8 32  3F 00 00 01  B8 0B 00 00  64 00 03 08  00 00 00 00  00 00 00 00  BC 02 5E 01  BC 02 78 05  F0 0A 4B 00
SKY DRAGN SLASH	63 00 05 06  C8 00 90 01  00 00 C2 01  5A 00 98 3A  40 00 00 01  88 13 00 00  64 00 00 00  00 00 00 00  00 00 00 00  DC 05 EE 02  DC 05 B8 0B  70 17 32 00


IMPACT BOMB	19 00 05 04  32 00 fa 00  00 00 f0 00  00 00 e0 2e  43 00 00 01  d0 07 a0 0f  32 00 00 00  00 00 00 00  00 00 00 00  f4 01 fa 00  f4 01 e8 03  d0 07 32 00
NIGHTMARE BALL	12 00 06 05  00 00 c8 00  58 02 d2 00  1e 00 c8 32  44 00 00 00  00 00 00 00  00 00 00 00  02 5a 00 00  00 00 00 00  58 02 2c 01  58 02 b0 04  60 09 32 00
DROPLETS O LIFE	5a 00 01 03  c8 00 c8 00  00 00 2c 01  3c 00 98 3a  45 00 00 00  00 00 00 00  00 00 00 00  ff 64 00 00  00 00 0d 00  78 05 bc 02  78 05 f0 0a  e0 15 64 00
WHIT APOCALYPSE	50 00 06 06  7d 00 fa 00  00 00 c2 01  5a 00 98 3a  46 00 00 01  b8 0b 00 00  00 00 00 00  00 00 00 00  00 00 00 00  b0 04 58 02  b0 04 60 09  c0 12 96 00

ARROW SHOT	19 00 05 04  32 00 fa 00  00 00 f0 00  00 00 e0 2e  49 00 00 00  d0 07 a0 0f  96 00 00 00  00 00 00 00  00 00 00 00  f4 01 fa 00  f4 01 e8 03  d0 07 32 00
HEEL CRUSH	14 00 05 04  00 00 c8 00  00 00 d2 00  1e 00 e0 2e  4a 00 00 01  dc 05 00 00  32 00 00 00  00 00 ff ff  ff ff 00 00  f4 01 fa 00  f4 01 e8 03  d0 07 32 00
FALLEN WINGS	4B 00 06 06  64 00 96 00  00 00 c2 01  5a 00 98 3a  4b 00 00 01  b8 0b 00 00  50 00 00 00  00 00 00 00  00 00 00 00  20 03 90 01  20 03 40 06  80 0c 96 00  
STARVE TONGUE	37 00 06 06  64 00 c8 00  00 00 68 01  3c 00 b0 36  4c 00 00 01  00 00 00 00  64 00 00 00  00 00 00 00  00 00 00 00  58 02 2c 01  58 02 b0 04  60 09 32 00
SPELLBINDING	3c 00 0f 04  58 02 00 00  00 00 c2 01  5a 00 b0 36  4d 00 00 00  00 00 00 00  00 00 00 00  00 00 00 00  00 00 0e 00  e8 03 f4 01  e8 03 d0 07  a0 0f 19 00 
GRUDGING CLAWS	2a 00 06 04  96 00 fa 00  00 00 86 01  1e 00 b0 36  4e 00 00 00  94 11 00 00  00 00 00 00  00 00 00 00  00 00 00 00  bc 02 5e 01  bc 02 78 05  f0 0a 64 00


GOLDEN HAMMER	16 00 05 04  32 00 fa 00  00 00 f0 00  00 00 e0 2e  4f 00 00 01  d0 07 a0 0f  50 00 00 00  00 00 00 00  00 00 00 00  f4 01 fa 00  f4 01 e8 03  d0 07 32 00
SNOWBALL FIGHT	28 00 06 05  32 00 c8 00  58 02 2c 01  3c 00 c8 32  50 00 00 01  dc 05 00 00  00 00 04 08  00 00 00 00  00 00 00 00  bc 02 5e 01  bc 02 78 05  f0 0a 32 00
DRAGON RISE	26 00 05 04  c8 00 c8 00  00 00 86 01  1e 00 b0 36  51 00 00 01  c4 09 00 00  c8 00 00 00  00 00 00 00  00 00 00 00  20 03 90 01  20 03 40 06  80 0c 4b 00
VITALITY MARCH	14 00 08 03  00 00 00 00  00 00 d2 00  1e 00 e0 2e  52 00 00 00  00 00 00 00  00 00 00 00  7f 64 00 00  00 00 00 00  90 01 c8 00  90 01 20 03  40 06 00 00

LOTUS FLOWER	1c 00 05 07  00 00 c8 00  c8 00 f0 00  00 00 e0 2e  55 00 00 01  dc 05 b8 0b  96 00 00 00  00 00 00 00  00 00 00 00  f4 01 fa 00  f4 01 e8 03  d0 07 32 00
TORNADO		30 00 06 06  4b 00 c8 00  00 00 68 01  3c 00 c8 32  56 00 00 01  dc 05 00 00  00 00 01 08  00 00 00 00  00 00 00 00  e8 03 f4 01  e8 03 d0 07  a0 0f 4b 00
FAST DANCE WHRL	26 00 05 04  c8 00 c8 00  00 00 86 01  1e 00 b0 36  57 00 00 01  b8 0b 00 00  c8 00 00 00  00 00 00 00  00 00 00 00  20 03 90 01  20 03 40 06  80 0c 4b 00
WHISPER STARS	24 00 04 03  00 00 00 00  00 00 2c 01  1e 00 e0 2e  58 00 00 00  00 00 00 00  00 00 00 00  00 00 01 01  01 01 00 00  58 02 2c 01  58 02 b0 04  60 09 00 00

BEAST FANG CUT	1a 00 05 04  32 00 c8 00  00 00 f0 00  00 00 e0 2e  5b 00 00 01  b8 0b 70 17  96 00 00 00  00 00 00 00  00 00 00 00  00 00 fa 00  f4 01 e8 03  d0 07 32 00     
BEAST K BLAST	34 00 05 0a  4b 00 c8 00  e8 03 68 01  3c 00 b0 36  5c 00 00 01  a0 0f 00 00  64 00 00 08  00 00 00 00  00 00 00 00  e8 03 f4 01  e8 03 d0 07  a0 0f 4b 00 
BEAST SMASH	2c 00 05 04  c8 00 c8 00  00 00 86 01  1e 00 b0 36  5d 00 00 01  88 13 00 00  c8 00 00 00  00 00 00 00  00 00 00 00  20 03 90 01  20 03 40 06  80 0c 4b 00
LION'S ROAR	12 00 04 03  00 00 00 00  00 00 d2 00  1e 00 e0 2e  5e 00 00 00  00 00 00 00  00 00 00 00  00 00 01 00  00 00 00 00  58 02 2c 01  58 02 b0 04  60 09 00 00

ICE PRISON	14 00 05 04  4b 00 fa 00  00 00 2c 01  1e 00 e0 2e  62 00 00 01  00 00 00 00  c8 00 04 08  00 00 00 00  00 00 00 00  bc 02 5e 01  bc 02 78 05  f0 0a ?? 00

TRUE DRAGN RISE	2a 00 05 04  c8 00 fa 00  00 00 86 01  1e 00 b0 36  63 00 00 01  ac 0d 00 00  c8 00 00 00  00 00 00 00  00 00 00 00  20 03 90 01  20 03 40 06  80 0c 4b 00 



TG - Target
+STR - Added Strength
PWR - Multiplier for Damage
ASPD - Attack speed/Cast Time
SP - Spell Animation Used
ELEM - Element
ST - Status Effect
	01 - Poison
	02 - Sleep
	04 - Paralysis
	08 - Confusion
	10 - Plague
	20 - Magic Block
	40 - Move Block
	80 - Dead
%C - Chance of Status
AT - Attack
DF - Defense
AC - Action
MV - Move
SP - Special Effect
	0c - Gravity
	0d - Cures debuffs
	0e - Spellbinding eye
	16 - Vanish
	17 - Random stat down
	28 - Absorb HP
	32 - MP damage
LVL1-5 - Skill/Magic Coin Cost
MTP - Multiplier (Damage increase per level)


169060

SKILLBOOKS
		SC/MC  HP    MP     SP    STR    VIT   ACT    MOV   MAG    MEN                   FI  WI EA LI BZ  WA EX FO SP  LVL1  LVL2   LVL3  LVL4   LVL5  MTP
LIFE UP		01 01  32 00 00 00  00 00 00 00  00 00 00 00  00 00 00 00  00 00 00 00  00 00 00 00  00 00 00 00  00 00 00 00  F0 00 78 00  B4 00 2C 01  E0 01 C8 00
MAGIC POWER	02 02  00 00 0A 00  00 00 00 00  00 00 00 00  00 00 00 00  00 00 00 00  00 00 00 00  00 00 00 00  00 00 00 00  F0 00 78 00  B4 00 2C 01  E0 01 64 00
SPECIAL POWER	01 01  00 00 00 00  0A 00 00 00  00 00 00 00  00 00 00 00  00 00 00 00  00 00 00 00  00 00 00 00  00 00 00 00  F0 00 78 00  B4 00 2C 01  E0 01 64 00
STRENGTH	01 01  00 00 00 00  00 00 0A 00  00 00 00 00  00 00 00 00  00 00 00 00  00 00 00 00  00 00 00 00  00 00 00 00  A0 00 50 00  78 00 C8 00  40 01 64 00
TOUGHNESS	01 01  00 00 00 00  00 00 00 00  0A 00 00 00  00 00 00 00  00 00 00 00  00 00 00 00  00 00 00 00  00 00 00 00  A0 00 50 00  78 00 C8 00  40 01 64 00
SPEED		01 01  00 00 00 00  00 00 00 00  00 00 0A 00  00 00 00 00  00 00 00 00  00 00 00 00  00 00 00 00  00 00 00 00  40 01 A0 00  F0 00 90 01  80 02 64 00
DASH		01 01  00 00 00 00  00 00 00 00  00 00 00 00  0A 00 00 00  00 00 00 00  00 00 00 00  00 00 00 00  00 00 00 00  50 00 28 00  3C 00 64 00  A0 00 64 00
INTELLIGENCE	02 02  00 00 00 00  00 00 00 00  00 00 00 00  00 00 0A 00  00 00 00 00  00 00 00 00  00 00 00 00  00 00 00 00  A0 00 50 00  78 00 C8 00  40 01 64 00
MENTALITY	02 02  00 00 00 00  00 00 00 00  00 00 00 00  00 00 00 00  0A 00 00 00  00 00 00 00  00 00 00 00  00 00 00 00  A0 00 50 00  78 00 C8 00  40 01 64 00
ZAPFIRE CHANT	02 02  00 00 00 00  00 00 00 00  00 00 00 00  00 00 00 00  00 00 00 00  00 00 00 01  00 00 01 00  00 00 00 00  90 01 C8 00  2C 01 F4 01  20 03 64 00
BOOMFLAME CHANT	02 02  00 00 00 00  00 00 00 00  00 00 00 00  00 00 00 00  00 00 00 00  00 00 00 01  00 00 00 00  00 01 00 00  90 01 C8 00  2C 01 F4 01  20 03 64 00
STRMCLOUD CHANT 02 02  00 00 00 00  00 00 00 00  00 00 00 00  00 00 00 00  00 00 00 00  00 00 00 00  01 00 01 00  00 00 00 00  90 01 C8 00  2C 01 F4 01  20 03 64 00
NORTHWIND CHANT	02 02  00 00 00 00  00 00 00 00  00 00 00 00  00 00 00 00  00 00 00 00  00 00 00 00  01 00 00 01  00 00 01 00  90 01 C8 00  2C 01 F4 01  20 03 64 00                 
LEAFWATER CHANT	02 02  00 00 00 00  00 00 00 00  00 00 00 00  00 00 00 00  00 00 00 00  00 00 00 00  00 00 00 00  01 00 01 00  90 01 C8 00  2C 01 F4 01  20 03 64 00
GLACIER CHANT	02 02  00 00 00 00  00 00 00 00  00 00 00 00  00 00 00 00  00 00 00 00  00 00 00 00  00 00 00 01  01 00 00 00  90 01 C8 00  2C 01 F4 01  20 03 64 00
QUAKEBLST CHANT 02 02  00 00 00 00  00 00 00 00  00 00 00 00  00 00 00 00  00 00 00 00  00 00 00 00  00 01 00 00  00 01 00 00  90 01 C8 00  2C 01 F4 01  20 03 64 00
WOODLAND CHANT	02 02  00 00 00 00  00 00 00 00  00 00 00 00  00 00 00 00  00 00 00 00  00 00 00 00  00 01 00 00  00 00 01 00  90 01 C8 00  2C 01 F4 01  20 03 64 00
WIZARDRY CHANT  02 02  00 00 00 00  00 00 00 00  00 00 00 00  00 00 00 00  00 00 00 00  00 00 00 01  01 00 01 00  00 01 00 00  20 03 90 01  58 02 E8 03  40 06 64 00
MYSTIC CHANT	02 02  00 00 00 00  00 00 00 00  00 00 00 00  00 00 00 00  00 00 00 00  00 00 00 00  00 01 00 01  01 00 01 00  20 03 90 01  58 02 E8 03  40 06 64 00
ABANDONMENT	01 01  00 00 00 00  00 00 00 00  00 00 00 00  00 00 00 00  00 00 00 00  00 00 00 00  00 00 00 00  00 00 00 0B  50 00 28 00  3C 00 64 00  A0 00 64 00
AIM FOR COUNTER 01 01  00 00 00 00  00 00 00 00  00 00 00 00  00 00 00 00  00 00 00 00  00 00 00 00  00 00 00 00  00 00 00 0C  78 00 3C 00  5A 00 96 00  F0 00 64 00
DEFENSIVE	01 01  00 00 00 00  00 00 00 00  00 00 00 00  00 00 00 00  00 00 00 00  00 00 00 00  00 00 00 00  00 00 00 0d  78 00 3c 00  5a 00 96 00  f0 00 64 00
FIGHTING SPIRIT 01 01  00 00 00 00  00 00 00 00  00 00 00 00  00 00 00 00  00 00 00 00  00 00 00 00  00 00 00 00  00 00 00 0e  78 00 3c 00  5a 00 96 00  f0 00 64 00
DECOY		01 01  00 00 00 00  00 00 00 00  00 00 00 00  00 00 00 00  00 00 00 00  00 00 00 00  00 00 00 00  00 00 00 0f  40 01 a0 00  f0 00 90 01  80 02 64 00
ABSORB MAGIC	02 02  00 00 00 00  00 00 00 00  00 00 00 00  00 00 00 00  00 00 00 00  00 00 00 00  00 00 00 00  00 00 00 10  e8 03 f4 01  ee 02 e2 04  d0 07 64 00
MAGIC RECOVER
MOVE RECOVER
ITEM RECOVER
SKILLED ITEM USE
PIRATE'S RING
FULL BODY BLOW
MAGICA ESOTERICA



MTP - Multiplier (Effect increase per level)








