 EXP                                                                                                                                                          oSP rSP     hSP
 498  65   1  48   2 108   2 149   2  21   3   0   0 192   0   0   0  15  39 208   7 136  19  15  39  15  39 136  19  76  29  88  27 136  19  15   0  30   0   1   2   2   1   5   5  15  20   0   0   7   3  24   1 224   1 210   0  60   0 180   0 160   0 110   0 160   0 110   0  40   0 120   0 150   0   0   0 
   6  93   1  49   2  88   2 180   2  16   3 189   2 192   0   0   0  15  39 208   7 160  15  15  39  15  39 136  19  76  29  88  27 136  19  15   0  30   0   1   2   2   1   5   5  15  10   0   0  57   3  54   1 224   1 210   0  60   0 160   0  40   0 110   0  70   0 110   0  20   0  80   0  50   0   0   0 
 706 111   1  26   2  87   2 165   2 215   2 190   2 192   0   0   0  15  39 208   7 160  15  15  39  15  39 136  19  76  29  88  27 136  19  15   0  30   0   1   2   2   1   5   5  15  10   0   0  57   3  54   1 224   1 210   0  60   0 170   0  50   0 110   0  50   0 110   0  20   0  80   0  50   0   0   0 
 192 146   1  47   2 109   2 178   2  20   3   0   0 192   0   0   0  15  39 208   7 160  15  15  39  15  39 136  19  76  29  88  27 136  19  15   0  30   0   1   2   2   1   5   5  15   0   0   0   7   3  24   1 224   1 210   0  60   0 150   0 140   0 110   0  50   0 110   0  30   0  80   0 100   0   0   0 
 354 174   1  43   2 103   2 170   2 216   2   0   0 192   0   0   0  15  39 208   7 136  19  15  39  15  39 136  19  76  29  88  27 136  19  15   0  30   0   1   2   2   1   5  10  30  15   0   0  82   3  44   1 224   1 210   0  60   0 155   0  40   0 110   0  70   0 110   0  40   0 100   0 120   0   0   0 
1101 205   1 254   1 105   2 175   2  15   3   0   0 192   0   0   0  15  39 196   9 112  23  15  39  15  39 136  19  76  29  88  27 136  19  15   0  30   0   1   2   2   1   5   5  15  40   0   0 238   2  64   1 224   1 210   0  80   0 200   0 160   0 110   0 160   0 110   0  50   0 150   0 200   0   0   0 
 192 137   1  31   2  63   2 141   2 208   2   0   0 192   0   0   0  15  39 208   7 136  19  15  39  15  39 136  19  76  29  88  27 136  19  15   0  30   0   1   2   2   1   5   5  15  10   0   0  32   3  34   1 224   1 210   0  60   0 150   0 140   0 110   0  50   0 110   0  40   0 100   0 120   0   0   0 

4 byte EXP - starting EXP
1 byte oSP - SP gained from combo hits
1 byte rSP - SP gained from criital hits
1 byte hSP - SP gained from getting damaged