 EXP SW  SA  SH  SF  SAC  SE                                                                                                           oSP rSP     hSP     EV
 498 321 560 620 661 789   0 192   0   0   0  15  39 208   7 136  19  15  39  15  39 136  19  76  29  88  27 136  19  15   0  30   0   1   2   2   1   5   5  15  20   0   0   7   3  24   1 224   1 210   0  60   0 180   0 160   0 110   0 160   0 110   0  40   0 120   0 150   0   0   0 
   6 349 561 600 692 784 701 192   0   0   0  15  39 208   7 160  15  15  39  15  39 136  19  76  29  88  27 136  19  15   0  30   0   1   2   2   1   5   5  15  10   0   0  57   3  54   1 224   1 210   0  60   0 160   0  40   0 110   0  70   0 110   0  20   0  80   0  50   0   0   0 
 706 367 538 599 677 727 702 192   0   0   0  15  39 208   7 160  15  15  39  15  39 136  19  76  29  88  27 136  19  15   0  30   0   1   2   2   1   5   5  15  10   0   0  57   3  54   1 224   1 210   0  60   0 170   0  50   0 110   0  50   0 110   0  20   0  80   0  50   0   0   0 
 192 402 559 621 690 788   0 192   0   0   0  15  39 208   7 160  15  15  39  15  39 136  19  76  29  88  27 136  19  15   0  30   0   1   2   2   1   5   5  15   0   0   0   7   3  24   1 224   1 210   0  60   0 150   0 140   0 110   0  50   0 110   0  30   0  80   0 100   0   0   0 
 354 430 555 615 682 728   0 192   0   0   0  15  39 208   7 136  19  15  39  15  39 136  19  76  29  88  27 136  19  15   0  30   0   1   2   2   1   5  10  30  15   0   0  82   3  44   1 224   1 210   0  60   0 155   0  40   0 110   0  70   0 110   0  40   0 100   0 120   0   0   0 
1101 461 510 617 687 783   0 192   0   0   0  15  39 196   9 112  23  15  39  15  39 136  19  76  29  88  27 136  19  15   0  30   0   1   2   2   1   5   5  15  40   0   0 238   2  64   1 224   1 210   0  80   0 200   0 160   0 110   0 160   0 110   0  50   0 150   0 200   0   0   0 
 192 393 543 575 653 720   0 192   0   0   0  15  39 208   7 136  19  15  39  15  39 136  19  76  29  88  27 136  19  15   0  30   0   1   2   2   1   5   5  15  10   0   0  32   3  34   1 224   1 210   0  60   0 150   0 140   0 110   0  50   0 110   0  40   0 100   0 120   0   0   0 
 498 321 560 620 661 789   0 192   0   0   0  15  39 208   7 136  19  15  39  15  39 136  19  76  29  88  27 136  19  15   0  30   0   1   2   2   1   5   5  15  20   0   0   7   3  24   1 224   1 210   0  60   0 180   0 160   0 110   0 160   0 110   0  40   0 120   0 150   0   0   0 
 498 321 560 620 661 789   0 192   0   0   0  15  39 208   7 136  19  15  39  15  39 136  19  76  29  88  27 136  19  15   0  30   0   1   2   2   1   5   5  15  20   0   0   7   3  24   1 224   1 210   0  60   0 180   0 160   0 110   0 160   0 110   0  40   0 120   0 150   0   0   0 
 498 321 560 620 661 789 707 192   0   0   0  15  39 208   7 136  19  15  39  15  39 136  19  76  29  88  27 136  19  15   0  30   0   1   2   2   1   5   5  15  20   0   0   7   3  24   1 224   1 210   0  60   0 180   0 160   0 110   0 160   0 110   0  40   0 120   0 150   0   0   0 
 498 321 560 620 661 789   0 192   0   0   0  15  39 208   7 136  19  15  39  15  39 136  19  76  29  88  27 136  19  15   0  30   0   1   2   2   1   5   5  15  20   0   0   7   3  24   1 224   1 210   0  60   0 180   0 160   0 110   0 160   0 110   0  40   0 120   0 150   0   0   0 
 498 321 560 620 661 789   0 192   0   0   0  15  39 208   7 136  19  15  39  15  39 136  19  76  29  88  27 136  19  15   0  30   0   1   2   2   1   5   5  15  20   0   0   7   3  24   1 224   1 210   0  60   0 180   0 160   0 110   0 160   0 110   0  40   0 120   0 150   0   0   0 
 498 321 560 620 661 789   0 192   0   0   0  15  39 208   7 136  19  15  39  15  39 136  19  76  29  88  27 136  19  15   0  30   0   1   2   2   1   5   5  15  20   0   0   7   3  24   1 224   1 210   0  60   0 180   0 160   0 110   0 160   0 110   0  40   0 120   0 150   0   0   0 

4 byte EXP - starting EXP
2 byte SW - Starting Weapon
2 byte SA - Starting Armour
2 byte SH - Starting Headgear
2 byte SF - Starting Footwear
2 byte SAC - Starting Accessory
2 byte SE - Starting Mana Egg
1 byte oSP - SP gained from combo hits
1 byte rSP - SP gained from criital hits
1 byte hSP - SP gained from getting damaged
1 byte EV  - Evasion rate